x <- 2
2 * x


y <- 22
y
